 P:            2 runtime:    13.9688720000000     
 P:            4 runtime:    5.35633600000000     
 P:            6 runtime:    5.46434200000000     
 P:            8 runtime:    5.90036900000000     
