 P:            2 runtime:    14.0288770000000     
 P:            4 runtime:    5.54034600000000     
 P:            6 runtime:    5.72435800000000     
 P:            8 runtime:    5.92436900000000     
